0.445249
0.44528
0.445249
0.445249
0.445249
0.445249
0.445249
0.445249
0.445249
0.445249
0.445249
0.445249
0.445249
0.445249
0.445249
0.445249
0.445249
0.445272
0.102625
0.445249
0.445249
0.445249
0.445219
0.445249
0.445249
0.445247
0.445249
0.445249
0.445249
0.445249
0.445249
0.445249
0.445249
0.44525
0.445259
0.445249
0.445249
0.445249
0.445263
0.445249
0.445249
0.445249
0.445249
0.445503
0.445291
0.445329
0.445249
0.445249
0.445249
0.445249
0.445271
0.445249
0.445249
0.445249
0.445249
0.445249
0.445249
0.445249
0.445286
0.445249
0.445249
0.445249
0.445249
0.445237
0.445237
0.445363
0.445249
0.445249
0.445249
0.445249
0.445249
0.445249
0.445249
0.445249
0.445249
0.445239
0.445249
0.445249
0.445311
0.445311
0.445249
0.445249
0.445235
0.445249
0.445249
0.445249
0.445249
0.445732
0.445226
0.445249
0.445249
0.445249
0.44516
0.445334
0.445249
0.445249
0.445249
0.445249
0.445266
0.445332
0.445249
0.445249
0.445249
0.445321
0.445344
0.445249
0.445249
0.445249
0.445301
0.445261
0.445269
0.445263
0.445249
0.445249
0.445249
0.445249
0.445249
0.445233
0.445249
0.445203
0.445257
0.445249
0.445249
0.445249
0.445249
0.445249
0.445253
0.445249
0.445249
0.445258
0.445249
0.445249
0.445249
0.445277
0.445249
0.445249
0.445249
0.445249
0.445249
0.445097
0.445249
0.445249
0.445248
0.445249
0.445249
0.445249
0.445249
0.445249
0.445249
0.445249
0.445349
0.445249
0.445249
0.445249
0.445249
0.445247
0.44546
0.445243
0.445484
0.445249
0.445249
0.445249
0.445249
0.445249
0.445302
0.445249
0.445249
0.445249
0.445248
0.445249
0.445256
0.445175
0.445249
0.445249
0.445249
0.445284
0.445249
0.445249
0.445249
0.445249
0.445249
0.445249
0.445249
0.445249
0.445249
0.445249
0.445249
0.445249
0.445249
0.445198
0.445249
0.445249
0.445249
0.445249
0.445249
0.445249
0.445249
0.445249
0.445249
0.445299
0.445249
0.445249
0.445249
0.445249
0.445249
0.445249
0.445588
0.445254
0.445249
0.445249
0.445249
0.445249
0.445249
0.445249
0.445249
0.445249
0.445249
0.445255
0.445249
0.445249
0.445249
0.445249
0.445249
0.445237
0.445249
0.445249
0.445249
0.445249
0.445249
0.445249
0.445249
0.445249
0.445249
0.445249
0.445249
0.445249
0.445249
0.445249
0.445249
0.445249
0.445249
0.445249
0.445264
0.445249
0.445249
0.445249
0.445249
0.445249
0.445249
0.445249
0.445249
0.445253
0.445253
0.445253
0.445247
0.445253
0.445249
0.445249
0.445249
0.445249
0.445249
0.445249
0.445262
0.445219
0.445271
0.445271
0.445346
0.445531
0.445246
0.445249
0.445249
0.445249
0.445269
0.445249
0.445249
0.445249
0.445249
0.445249
0.445249
0.445249
0.445374
0.445249
0.445249
0.445249
0.445249
0.445249
0.445249
0.445249
0.445323
0.445249
0.445229
0.445249
0.445249
0.44525
0.445249
0.445249
0.445249
0.445249
0.445249
0.445249
0.445249
0.445249
0.445249
0.445249
0.445247
0.44531
0.445249
0.445249
0.445249
0.445249
0.445249
0.445376
0.445249
0.445249
0.445249
0.445249
0.445432
0.445249
0.445249
0.445249
0.445249
0.445249
0.445249
0.445249
0.445249
0.445249
0.445249
0.445249
0.44526
0.445292
0.445252
0.445249
0.445249
0.445249
0.445249
0.44528
0.445249
0.445249
0.445249
0.445249
0.445249
0.445249
0.445238
0.445249
0.445249
0.445249
0.445249
0.445249
0.445249
0.445249
0.445249
0.445249
0.445249
0.445249
0.445249
0.445249
0.445249
0.445249
0.445249
0.445249
0.445249
0.445249
0.445249
0.445249
0.445249
0.445249
0.445249
0.445249
0.445249
0.445249
0.445249
0.445249
0.445249
0.445249
0.445249
0.445249
0.44526
0.445249
0.445249
0.445249
0.445249
0.445249
0.445249
0.445268
0.445249
0.445249
0.445249
0.445249
0.445249
0.445249
0.445344
0.445249
0.445249
0.445249
0.445266
0.445707
0.445249
0.445249
0.445249
0.445249
0.445277
0.445249
0.445303
0.445249
0.44523
0.44523
0.445416
0.445249
0.445201
0.445405
0.445249
0.445249
0.445249
0.445249
0.445249
0.445249
0.445249
0.445249
0.445249
0.445249
0.445249
0.445178
0.445249
0.445249
0.445249
0.445249
0.445249
0.445249
0.445249
0.445249
0.445249
0.445249
0.445249
0.445249
0.445249
0.445249
0.445249
0.445249
0.445249
0.445249
0.445249
0.445249
0.445248
0.445249
0.445249
0.445249
0.445253
0.445249
0.445249
0.445249
0.445252
0.445249
0.445249
0.445249
0.445345
0.445249
0.445249
0.445769
0.445247
0.445249
0.445249
0.445249
0.445249
0.445249
0.445249
0.445249
0.445249
0.445249
0.445249
0.445249
0.445249
0.445249
0.44545
0.445249
0.445247
0.445249
0.445249
0.445249
0.445249
0.445249
0.445255
0.445255
0.445249
0.445249
0.445249
0.445249
0.445264
0.445264
0.445264
0.445249
0.445249
0.445249
0.445231
0.445249
0.445249
0.445249
0.445257
0.445292
0.445249
0.445249
0.445249
0.445249
0.445249
0.445249
0.445269
0.445249
0.445249
0.445249
0.445249
0.445249
0.445227
0.445374
0.445249
0.445249
0.445249
0.445349
0.445249
0.445249
0.445249
0.445249
0.445249
0.445249
0.445249
0.445229
0.445236
0.445249
0.445249
0.445249
0.445249
0.445249
0.445249
0.445249
0.445249
0.445228
0.445249
0.445249
0.445252
0.445252
0.445252
0.445249
0.445402
0.445249
0.445249
0.445249
0.445249
0.445249
0.445249
0.445249
0.445249
0.445254
0.445249
0.445249
0.445249
0.445249
0.445249
0.44542
0.44542
0.445249
0.445249
0.445233
0.445249
0.445249
0.445184
0.445399
0.445249
0.445249
0.445249
0.445249
0.445249
0.445249
0.445249
0.445254
0.445226
0.445249
0.445249
0.445249
0.445111
0.445283
0.445249
0.445249
0.445249
0.445249
0.445249
0.445249
0.445249
0.445249
0.445249
0.445249
0.445258
0.445249
0.445254
0.445249
0.445249
0.445249
0.445249
0.445249
0.445249
0.445249
0.445249
0.445249
0.445249
0.445249
0.445249
0.445249
0.445249
0.445249
0.445249
0.445249
0.445249
0.445249
0.445249
0.445249
0.445249
0.445249
0.445288
0.445256
0.44526
0.445249
0.445249
0.445255
0.445249
0.445249
0.445249
0.445249
0.44528
0.445249
0.445249
0.445249
0.445249
0.44525
0.445249
0.445255
0.445249
0.445249
0.445249
0.445276
0.445249
0.445236
0.445249
0.445249
0.445249
0.445247
0.445249
0.445249
0.445249
0.445237
0.445235
0.445249
0.445249
0.445249
0.445249
0.445249
0.445249
0.445249
0.445249
0.445249
0.445249
0.445249
0.445249
0.445243
0.445249
0.445238
0.445238
0.445292
0.445236
0.445249
0.445249
0.445249
0.445249
0.445249
0.445249
0.445249
0.445265
0.445249
0.445249
0.445249
0.445276
0.445249
0.445249
0.445249
0.445249
0.445253
0.445249
0.445249
0.445249
0.445247
0.445249
0.445249
0.445249
0.426058
0.445249
0.445259
0.445247
0.445247
0.445218
0.445249
0.445249
0.445268
0.445249
0.445249
0.445249
0.445249
0.445249
0.445249
0.445404
0.445272
0.445249
0.445249
