0.512402
0.962917
0.168319
0.949407
0.521588
0.985205
0.00257376
0.630484
0.982596
0.989341
0.944569
0.982889
0.990259
0.987173
0.957644
0.564235
0.967393
0.816587
0.970198
0.278756
0.983756
0.0490225
0.0441125
0.00306792
0.761901
0.984242
0.986371
0.427667
0.986636
0.884374
0.980023
0.938403
0.986643
0.959094
0.696662
0.931326
0.945231
0.512424
0.958591
0.985564
0.958431
0.969326
0.938711
0.96992
0.99366
0.380888
0.939404
0.79794
0.153986
0.882328
0.967093
0.772997
0.965384
0.0553253
0.692414
0.193331
0.13919
0.98193
0.980826
0.983588
0.523605
0.674372
0.87373
0.991779
0.988375
0.352615
0.748689
0.981754
0.990648
0.983953
0.984814
0.953257
0.795494
0.957459
0.804132
0.991217
0.925197
0.232062
0.90288
0.937527
0.987318
0.987815
0.138959
0.773324
0.795587
0.620544
0.990698
0.401507
0.879766
0.973971
0.959977
0.0081849
0.911287
0.987134
0.981213
0.970857
0.796217
0.620588
0.848822
0.97589
0.666781
0.0724832
0.871748
0.993181
0.925549
0.211579
0.638541
0.954812
0.963412
0.531747
0.976972
0.993877
0.974425
0.798642
0.961091
0.936683
0.0456778
0.977397
0.970765
0.885654
0.943063
5.82136e-05
0.93162
0.383481
0.979428
0.911497
0.776754
0.98044
0.983405
0.955072
0.980051
0.979828
0.620635
0.695315
0.983996
0.981218
0.209907
0.983353
0.984829
0.00127339
0.878707
0.97519
0.941632
0.0137214
0.692811
0.0661278
0.954296
0.754847
0.881963
0.556378
0.985686
0.97598
0.969683
0.960285
0.949882
0.870345
0.992981
0.990089
0.520077
0.984673
0.925816
0.116848
0.959018
0.976588
0.96743
0.861346
0.98765
0.891255
0.925793
0.954678
0.665467
4.49224e-05
0.958413
0.980078
0.0369642
0.528702
0.901331
0.922177
0.96782
0.354725
0.834351
0.962985
0.945041
0.0591652
0.979584
0.0548211
0.941905
0.611025
0.882481
0.614607
0.819729
0.0750703
0.982872
0.910822
0.744775
0.495876
0.256592
0.943579
0.0187449
0.303444
0.615326
0.907972
0.931986
0.984339
0.979366
0.975382
0.993194
0.985533
0.949506
0.824685
0.00761606
0.988607
0.0563762
0.669964
0.0027984
0.896567
0.956242
0.961139
0.901062
0.185909
0.936859
0.84838
0.907465
0.969012
0.386089
0.982972
0.342107
0.134449
0.975813
0.694379
0.564948
0.986388
0.0901846
0.0803176
0.925209
0.0100619
0.884577
0.941116
0.982909
0.983457
0.937416
0.981051
0.727003
0.979171
0.966306
0.709209
0.857832
0.978923
0.974327
0.959733
0.987092
0.981781
0.0605722
0.00074981
0.993355
0.993568
0.857516
0.71825
0.0105575
0.0637553
0.981217
1.85132e-05
0.0828962
0.203508
0.639693
0.00109687
0.736892
0.480086
0.844499
0.244266
0.954504
0.959311
0.961556
0.230641
0.80432
0.0653217
0.913524
0.932043
0.98669
0.942826
0.867518
0.965029
0.994301
0.42363
0.937883
0.0139873
0.0291423
0.835599
0.976297
0.175293
0.977624
0.979912
0.0519506
0.991555
0.66061
0.965772
0.792945
0.972908
0.578995
0.98271
0.796074
0.04004
0.993703
0.99002
0.992924
0.992372
0.838041
0.963888
0.990263
0.981161
0.992996
0.976646
0.0714021
0.704297
0.989971
0.7844
0.815342
0.163072
0.90601
0.9861
0.877417
0.672706
0.811882
0.929543
0.443572
0.89549
0.730309
0.638314
0.3388
0.406418
0.738702
0.988556
0.301948
0.93287
0.143273
0.994456
0.979857
0.948545
0.878894
0.00169125
0.979581
0.27387
0.963259
0.986104
0.927369
0.633095
0.966097
0.0801886
0.496641
0.210302
0.985569
0.991647
0.915873
0.394831
0.129282
0.982165
0.991963
0.970475
0.940536
0.881392
0.466422
0.987591
0.206882
0.287476
0.0135282
0.0015571
0.715091
0.959222
0.0480614
0.980717
0.817615
0.781145
0.964691
0.781347
0.963248
0.167481
0.0314784
0.0221397
0.987018
0.700893
0.986732
0.908941
0.986897
0.991908
0.565568
0.979033
0.0900538
0.963328
0.98541
0.20224
0.724803
0.980438
0.951153
0.982587
0.98039
0.447616
0.635151
0.951534
0.959134
0.950516
0.956676
0.989249
0.956629
0.0152806
0.723459
0.980841
0.39567
0.972032
0.992282
0.171437
0.715991
0.613765
0.914394
0.955849
0.288628
0.803688
0.110119
0.924102
0.88995
0.944409
0.0660182
0.766028
0.975797
0.77705
0.986546
0.212358
0.910401
0.847055
0.826457
0.977465
0.737781
0.976984
0.00546803
0.209673
0.993353
0.987441
0.93281
0.613773
0.81206
0.184208
0.980489
0.665718
0.98577
0.979873
0.217443
0.198639
0.0993217
0.711994
0.971697
0.0284475
0.938737
0.209396
0.144937
0.629445
0.956254
0.764731
0.97891
0.892184
0.00229192
0.983472
0.455159
0.949872
0.916272
0.989537
0.390126
0.648814
0.00420082
0.975182
0.946951
0.984451
0.627739
0.9276
9.99463e-05
0.987128
0.948877
0.758373
0.931516
0.120833
0.830545
0.577879
0.642311
0.934451
0.00376978
0.00283118
0.847823
0.949333
0.863837
0.918962
0.766214
0.982647
0.00162123
0.926657
0.96986
0.916022
0.102407
0.467859
0.177533
0.972736
0.765145
0.972761
0.938982
0.602301
0.972667
0.970167
0.907141
0.629293
0.00117027
0.790147
7.87696e-05
0.895021
0.992935
0.978296
0.00104345
0.97508
0.550274
0.973261
0.916583
0.965397
0.946576
0.360847
0.852797
0.144592
0.952386
0.950093
0.989997
0.201843
0.97296
0.715496
0.184195
0.762235
0.987329
0.792006
0.15798
0.977098
0.593628
0.990018
0.012744
0.050076
0.875054
0.95101
0.986035
0.875159
0.949863
0.990826
0.882379
0.93149
0.980343
0.835062
0.867502
0.943633
0.884238
0.950711
0.335791
0.268679
0.801022
0.15151
0.688564
0.942986
0.926105
0.782377
0.554266
0.714032
0.909478
0.985406
0.984419
0.768499
0.983888
0.592031
0.944263
0.0737346
0.896612
0.546491
0.987841
0.976918
0.83342
0.988911
0.828827
0.930429
0.624674
0.93687
0.951497
0.024253
4.49858e-06
0.000127278
0.976883
0.00700735
0.932254
0.932185
0.949442
0.522157
0.99242
0.234206
0.954773
0.988097
0.978911
0.741225
0.830084
0.98009
0.192636
0.981315
0.971385
0.856452
0.976719
0.289545
0.618257
0.769425
0.897826
0.98982
0.646328
0.931547
0.744088
0.962111
0.341089
0.143343
0.105136
0.991051
0.974998
0.767041
0.937729
0.952601
0.974172
0.919284
0.867055
0.990141
0.979187
0.938358
0.966001
0.26776
0.94417
0.986159
0.988448
0.969503
0.351324
0.975327
0.867159
0.707837
0.986256
0.241719
0.974364
0.899936
0.984324
0.945746
0.983978
0.985935
0.981876
0.0123866
0.590998
0.755116
0.982769
0.930903
0.866872
0.789346
0.974925
0.977001
0.397017
0.0675739
0.0239472
0.981496
0.992135
0.000150549
0.979624
0.847048
0.956143
0.858337
0.960004
0.93294
0.946526
0.955021
0.881997
0.984484
0.925288
0.749931
0.97078
0.9816
0.994389
0.00853341
0.168392
0.372091
0.97262
0.592748
0.961668
0.956059
0.915545
0.917828
0.755297
0.850579
0.986458
0.117359
0.951283
2.74905e-14
0.990439
0.0255105
0.275446
0.959887
0.184007
0.796508
0.964715
0.367448
0.979017
0.112165
0.0196537
0.908282
0.9837
0.0250343
0.650825
0.959823
0.954345
0.7199